6	0.202006489961757	0.0190966407871932	0.492195119535273	0.0325049320195214	0.198998016454729	0.019973997310568	0.106800374048241	0.00824978404381838	0.201664850516967	0.0164046733355634	0.381172014139542	0.0290952104589655	0.282813776714618	0.0232412336184304	0.134349358628872	0.0110959855716134
12	0.176178853346616	0.0115159156909615	0.562819923075893	0.0219792968894883	0.182245096294047	0.0141542886416684	0.0787561272834438	0.00436654125493028	0.226322292820241	0.0113256670005048	0.359131080921582	0.018676304859854	0.283308231082295	0.0160935589317671	0.131238395175883	0.00789787956962277
18	0.17807385553994	0.010083958086677	0.533114313095552	0.0191869160723668	0.192931863051839	0.0132694235749429	0.0958799683126688	0.00505593137260422	0.232460600803381	0.0106381184459437	0.394262697192661	0.0173109198885111	0.257290183557896	0.0139281766688581	0.115986518446062	0.00641531779418686
24	0.260976226473415	0.0119480770721921	0.433798898483436	0.0180800197890819	0.19969873848079	0.0122160386482919	0.105526136562359	0.00608784248842339	0.236370243464055	0.0102940153587892	0.398970401553254	0.0168298639293404	0.25332542639584	0.0135458479752081	0.111333928586851	0.00602681502601361
30	0.31371948452534	0.013793258874517	0.401510455941471	0.0183361053636378	0.17956833799979	0.0113246418925359	0.105201721533399	0.00641146814441766	0.252666405380905	0.0111457655274796	0.414773042254538	0.017569284299544	0.223312942683838	0.0129906598588358	0.109247609680719	0.00576361814675188
36	0.332384714557633	0.0129063360092512	0.429384942997207	0.0156110886711284	0.138158601340921	0.00804382227757641	0.10007174110424	0.00530916973930662	0.265785141008454	0.00878001634965884	0.391174955355404	0.0136237496034089	0.241420300014043	0.0113373339091417	0.101619603622099	0.00482642845715038
42	0.338509276476922	0.0142273391022416	0.455811161492746	0.0157452265298603	0.108387175050846	0.00611793255350795	0.0972923869794859	0.00495471650812909	0.275961895262264	0.00811436564275602	0.31204601386648	0.0118447185636815	0.305093263357647	0.0121152103208249	0.106898827513609	0.00510726184656946
48	0.349947181900041	0.0185026490825202	0.452053390733549	0.0195019268797618	0.0946513955220053	0.0059164918228952	0.103348031844405	0.0056590126328785	0.287345025888635	0.00914990561520163	0.240099130885637	0.01234471346838	0.347977962992701	0.0149730515310046	0.124577880233028	0.00642388493150851
54	0.367871800542499	0.02227834135517	0.434395075081233	0.0230041728494424	0.0898782844739348	0.00617090168885303	0.107854839902333	0.00651532542562057	0.306148283605334	0.0104542153116164	0.206775359921938	0.0127110299572979	0.342870883329799	0.0170599938683121	0.144205473142928	0.00805001839198081
60	0.379810959404729	0.020990735019494	0.407276290379616	0.02178890060722	0.103996784976027	0.0064628833837388	0.108915965239628	0.00640383197420941	0.281521261126382	0.00986174756439099	0.217163837250111	0.0130482497965492	0.342166973527839	0.0173647556115511	0.159147928095667	0.00879870905742962
66	0.381701895735412	0.0196026191401018	0.370408970501376	0.0210000316702795	0.140192710797848	0.00811838268436862	0.107696422965364	0.00650489991487275	0.230407674400583	0.009999284882425	0.26024602822936	0.0157343544992157	0.328731005081081	0.0180502465625918	0.180615292288976	0.0103008516505241
72	0.397238520605866	0.0142757517126675	0.321465168078657	0.0151306687749867	0.183871504607216	0.00794391193133524	0.0974248067082608	0.00517660889896504	0.174107027023942	0.00805645344186499	0.315016517829228	0.0139922316813108	0.307641037872917	0.0148079607120403	0.203235417273914	0.00921248993382113
78	0.417471454120329	0.0111906841213596	0.276604915124084	0.0115197729630704	0.223819509123191	0.00802359381094588	0.0821041216323959	0.00416478536624639	0.130880562713975	0.00655087469050628	0.40555696083488	0.0121567141085839	0.240404348614818	0.0109707071011155	0.223158127836327	0.00758675193984372
84	0.391380777038341	0.0110515045517886	0.26529896441337	0.0121346407678927	0.267737622056117	0.00995674257736485	0.0755826364921727	0.0042015036259247	0.100134592341899	0.00634937589927993	0.493590286641789	0.0133904979641714	0.19410902399776	0.00998883544642803	0.212166097018551	0.00661539602158705
90	0.38236206061423	0.011389976006643	0.241353561038226	0.0126332240074556	0.302988605656792	0.0116117517627626	0.0732957726907517	0.00445469733513274	0.0860103879217924	0.00642147324964872	0.55472250037024	0.0149523912866978	0.1695616226659	0.00984481400504249	0.189705489042067	0.00590042849741461
96	0.360432208525273	0.0120389779840599	0.214034739454455	0.013163723655806	0.346081541806838	0.0134286259946596	0.0794515102134334	0.00526631968663761	0.0885102946303426	0.00736827394355121	0.577995857040701	0.0176083912668976	0.163188308569384	0.0109820061645533	0.170305539759573	0.00584411148682043
102	0.349250574781044	0.0132092365040915	0.205545627362058	0.014425600188837	0.352517319936355	0.0150186507657473	0.0926864779205429	0.00669641655631627	0.0971560300764957	0.00882744347182357	0.574462178696268	0.0211780793745267	0.173064691485053	0.0134341934973028	0.155317099742182	0.00604724500856393
108	0.330061552751055	0.0134455148942635	0.196616191840508	0.0146736443828118	0.365048214042291	0.016015713922547	0.108274041366146	0.00810850680714827	0.107407442758234	0.0100790793877656	0.575522302131675	0.023427059928849	0.174452693058872	0.0147448661353137	0.142617562051218	0.0059786892677147
114	0.324402465963138	0.0133930059094479	0.198896689677226	0.0146503780141528	0.359124767444951	0.0160029990203621	0.117576076914685	0.00866405108598012	0.112554880074076	0.0104225463926324	0.57516293925118	0.0241366800039106	0.179051948046536	0.0153079898467127	0.133230232628208	0.00564047437704054
120	0.317282926631464	0.013678835683529	0.200546065005678	0.0149087817011991	0.353670574452329	0.016167979470476	0.128500433910529	0.00946899943163027	0.119981422722806	0.0110258816698798	0.563341162871837	0.0251831335603085	0.1859712890973	0.0161415736609889	0.130706125308057	0.00571211363418266
126	0.316941703825711	0.0135018743301482	0.208451162196386	0.0147172306516581	0.337603570764201	0.0155100873898644	0.137003563213702	0.00961960664363589	0.127971726934837	0.0112063275325626	0.564831091238191	0.0247716095621397	0.182573092024203	0.0156525247226584	0.124624089802769	0.00530196868354775
132	0.313867772879127	0.0130586843622549	0.216634099571415	0.0144758138100404	0.335381046696225	0.0148663764826394	0.134117080853233	0.00906088778648451	0.129081528475941	0.010838953901944	0.568056125058948	0.0240515881228199	0.18258692364518	0.0153180618289906	0.120275422819931	0.004969930411703
138	0.311146144447576	0.0107399160120992	0.240629155327986	0.0121592287227077	0.314297635824964	0.0122725065634244	0.133927064399474	0.00748108928813345	0.131347722264232	0.00883970096168806	0.583616700218243	0.0192588332612813	0.170291743596725	0.0122244501929829	0.1147438339208	0.00394088853947834
144	0.315846243507472	0.0118107343241846	0.23198852954373	0.0129047021260209	0.313565142626609	0.0128060907535877	0.138600084322189	0.00809169649299907	0.143481278505587	0.00999289097071106	0.558339952881153	0.0209152093071427	0.176944150122415	0.0131880943547884	0.121234618490845	0.00450814889233328
150	0.324209218791723	0.0131686137524492	0.240564494666127	0.014346704084952	0.293112223054118	0.0131593291399215	0.142114063488032	0.00865692477115843	0.152637101610611	0.0112624104157943	0.547857451333801	0.0227001958908918	0.177234249535566	0.0140513916813917	0.122271197520022	0.00494054807045265
